-36.156072 -10.878562 52.207804 
-48.885437 3.565049 37.607767 
-40.575342 -2.147945 50.106849 
52.575000 3.025000 40.275000 
40.822781 -9.854590 51.065132 
-16.648276 43.241379 43.696552 
-18.863847 33.075319 40.841831 
22.171096 28.283946 40.783400 
19.746207 39.817931 41.804138 
21.236301 25.260274 51.469178 
-18.389916 49.946218 -11.119328 
-13.503185 48.777070 -19.834395 
-14.881517 32.436019 -21.061611 
20.045455 50.370130 -12.077922 
13.879781 49.672131 -20.579235 
16.343434 32.121212 -21.424242 
-35.441237 45.925773 21.313402 
-32.125714 25.752381 45.356190 
-33.527456 28.224399 36.071238 
37.624805 31.336113 36.783742 
38.588235 28.847296 31.338087 
35.753662 35.533955 29.396804 
-38.882540 50.996825 -5.536508 
-26.488656 48.122164 -13.982548 
31.177122 53.564576 -13.734317 
34.862579 48.651163 -10.317125 
-48.501792 11.154122 19.660693 
-50.019900 12.895522 10.059701 
43.076923 12.773626 30.905495 
55.225962 13.730769 22.894231 
51.655303 14.409091 8.840909 
-52.690058 29.883041 6.959064 
-45.396947 28.578456 12.990670 
51.477004 29.674113 7.957950 
48.917073 25.770732 22.563415 
49.817544 32.375439 5.284211 
-44.246006 34.239617 -9.249201 
-29.920530 22.105960 -17.543046 
-33.643478 32.730435 -13.826087 
46.120130 35.035714 -11.350649 
34.207836 28.323680 -16.381601 
42.349206 29.166667 -11.952381 
-47.406061 -9.775758 12.638384 
54.866817 -2.153499 12.699774 
50.277778 -17.364583 16.399306 
52.737179 2.961538 8.557692 
-5.244037 18.139450 59.504587 
-6.250000 5.820896 62.820896 
-5.342222 -7.057778 54.688889 
-5.853896 -3.584416 62.087662 
7.844749 -7.719939 62.079148 
8.117002 -15.586837 60.109689 
8.180791 3.382298 59.506591 
8.827044 14.481132 60.081761 
-15.100000 8.783333 -16.166667 
-3.016393 18.442623 -8.311475 
3.978261 17.934783 -5.652174 
6.024390 16.536585 -14.170732 
17.965217 10.713043 -16.939130 
-5.292636 44.050388 39.482558 
-2.928731 37.750557 36.207127 
-6.953904 60.186265 14.536218 
8.852590 63.657371 8.326693 
8.703833 51.905923 21.933798 
8.496278 34.352357 52.540943 
9.144578 49.048193 40.018072 
-6.591241 62.766423 -7.386861 
-6.108527 49.325581 -8.744186 
-2.823529 41.903743 -11.165775 
9.197531 59.864198 -7.333333 
8.244373 44.881029 -7.916399 
5.257919 44.316742 -11.095023 
-6.677551 20.024490 -19.093878 
-0.502618 39.874346 -20.366492 
-5.145631 51.174757 -19.961165 
-8.288136 32.974576 -18.762712 
9.897810 37.978102 -18.802920 
8.118110 27.228346 -20.267717 
5.474654 38.451613 -19.262673 
-35.370321 4.356952 0.898396 
-35.574586 9.917127 7.436464 
38.545139 18.604167 -0.263889 
37.200642 -0.991974 -2.892456 
40.560420 -2.122592 5.943958 
-5.115385 31.038462 16.211538 
-4.304012 34.449074 12.240741 
6.707438 36.760331 10.783471 
9.322034 34.836158 17.550847 
-5.890144 -16.183778 40.184805 
6.704595 -18.026258 36.608315 
8.684292 -8.295490 42.074650 
7.978328 -1.012384 37.405573 
-5.385965 -44.250000 23.144737 
6.720430 -44.677419 26.462366 
-30.072948 -28.042553 -7.185410 
-21.886957 -11.608696 -17.008696 
-24.387097 -20.529032 -10.696774 
28.909283 -21.025316 -11.529536 
-23.822785 -25.405063 -19.721519 
-22.749263 -23.250737 -19.669617 
-18.082353 -0.400000 -25.458824 
-18.489796 -4.744898 -26.428571 
25.433121 -25.267516 -19.439490 
22.883871 -10.348387 -26.935484 
30.724280 -29.868313 -14.954733 
22.347170 -0.196226 -24.626415 
23.853211 0.605505 -19.119266 
29.568345 -1.496403 -18.561151 
-19.594595 -68.500000 10.729730 
-5.687764 -92.708861 -4.227848 
-9.120128 -79.084891 5.839829 
15.615074 -71.816958 9.851952 
12.721202 -87.262104 3.011686 
12.358382 -63.429672 11.175337 
-8.512138 -81.191856 25.281128 
-6.947791 -82.618474 28.698795 
11.351880 -80.320301 26.606015 
8.893617 -84.404255 30.340426 
-16.444670 -69.170558 -6.263959 
-17.952000 -64.048000 -1.968000 
13.877990 -72.160287 -3.504785 
13.183445 -56.029083 -3.438479 
17.166375 -81.176883 -10.483363 
-18.435950 -84.278926 25.252066 
-18.750000 -86.634615 40.288462 
-19.816327 -89.632653 27.374150 
19.935484 -88.483871 25.278226 
23.043659 -76.835759 32.440748 
23.077982 -80.990826 30.298165 
-35.391228 -86.535088 8.891228 
-28.719852 -82.435993 15.875696 
-39.821293 -76.705323 20.000000 
34.791121 -80.201480 18.885600 
38.921986 -83.730496 18.198582 
35.410000 -86.020000 10.790000 
-45.800866 -75.307359 -8.675325 
-48.300000 -67.325000 -11.333333 
-24.571429 -93.497835 -8.709957 
-34.995816 -82.518828 -7.899582 
39.259968 -77.881978 -10.245614 
29.966759 -92.393352 -6.819945 
-32.151625 -13.537906 -31.480144 
-34.518519 -52.634921 -13.195767 
-31.977322 -44.464363 -20.967603 
32.936458 -40.198570 -21.533757 
-57.524830 -12.222006 24.812074 
-31.819398 -34.546265 61.497213 
-47.456583 -16.812325 45.652661 
38.561210 -33.078404 56.385144 
29.326032 -30.764954 60.195451 
56.179357 -15.006768 35.962775 
-27.506207 -60.011034 57.142069 
-25.043972 -52.422695 66.417021 
-23.247649 -70.927900 48.583072 
25.927548 -63.755687 56.064027 
22.249275 -56.612560 66.046377 
-43.893453 -47.033754 45.430663 
45.580669 -47.588104 48.191822 
-56.221498 -45.478827 29.296417 
-58.832432 -28.000000 32.248649 
-55.751309 -32.379581 28.290576 
62.457143 -39.228571 33.000000 
56.865867 -32.328244 33.145038 
-44.682274 -65.284281 40.682274 
-46.979452 -60.961187 32.095890 
42.489627 -60.840941 37.652835 
45.350649 -65.961039 39.896104 
50.144737 -60.236842 31.486842 
-8.963058 -56.609701 44.875683 
-9.281928 -62.689157 59.874699 
8.236294 -56.622105 41.107007 
-8.171429 -26.853878 69.131429 
-6.032258 -24.645161 64.354839 
7.200538 -33.345895 67.222073 
6.537634 -29.720430 63.354839 
-13.862944 0.928934 17.680203 
-10.189329 15.731497 1.063683 
11.738667 16.384000 -2.453333 
16.719298 0.397661 18.573099 
15.480144 16.000000 9.631769 
-20.360153 8.689655 -6.819923 
-27.071429 2.272727 -0.688312 
-22.977612 -0.970149 7.649254 
-26.837209 -0.488372 5.941860 
31.158249 0.141414 -1.313131 
22.882175 11.570997 -4.779456 
30.403226 -3.483871 7.225806 
25.186603 5.014354 6.708134 
-15.651376 1.394495 -4.055046 
-19.489130 -2.989130 0.739130 
21.119691 -1.691120 -0.988417 
-17.048951 -21.538462 4.104895 
-12.861925 -17.891213 3.907950 
-5.446809 -15.929078 4.460993 
-9.665529 -19.795222 13.317406 
6.113402 -15.103093 5.628866 
8.660550 -18.256881 13.669725 
14.984085 -19.785146 6.007958 
-48.867925 -14.037736 7.867925 
-36.537815 -25.378151 9.394958 
46.136170 -17.693617 9.080851 
-55.650350 -34.517483 12.890443 
-49.560472 -15.861357 0.339233 
-54.473684 -13.373684 2.789474 
58.958194 -18.998328 3.107023 
55.213043 -12.297826 -1.680435 
58.512031 -37.151107 14.406160 
-48.363248 14.012821 -18.401709 
-35.605128 18.128205 -26.287179 
-35.181609 9.687356 -20.326437 
59.071633 10.458453 -8.704871 
46.024226 13.502019 -19.321669 
37.918699 17.577236 -28.227642 
-65.604651 -33.837209 -5.976744 
-56.345140 -35.004530 -3.542422 
57.787835 -32.888440 -6.186221 
50.027064 -61.188092 10.806495 
57.064677 -53.373134 6.159204 
-41.511111 11.846914 -33.417284 
-31.228571 14.982857 -37.622857 
38.539007 18.865248 -38.723404 
44.782027 12.489484 -32.816444 
-49.464435 -7.481172 -37.179916 
-50.318705 -30.956115 -23.469784 
-54.320442 -32.530387 -23.922652 
51.891053 -31.261142 -23.963684 
59.186047 -44.255814 -20.284884 
56.934783 -23.934783 -26.336957 
