14.083200 56.694400 -16.684800 
9.582160 17.582160 -19.530516 
5.270633 35.032630 -17.527831 
15.647841 34.186047 -22.544850 
8.286079 46.063857 -1.685824 
14.581461 64.752809 3.682584 
30.425041 54.784185 -3.324547 
44.469325 46.095092 -4.917178 
28.811189 51.144855 18.751249 
8.521081 53.280000 23.885405 
37.628788 35.441919 31.101010 
14.579048 36.742857 49.114286 
24.029283 30.705710 36.395315 
40.589023 14.586345 48.281124 
6.807074 21.446945 31.408360 
53.596621 24.848997 0.891235 
33.420904 37.282486 -16.392655 
26.560386 19.545894 -21.318841 
48.173585 35.806289 15.182390 
37.052854 20.799154 6.000000 
55.335586 9.603604 22.031532 
39.934483 17.648276 29.113793 
57.759140 -8.172043 27.180645 
6.153271 -22.175701 65.566355 
6.995495 -8.031532 53.018018 
26.363136 -12.965612 66.170564 
49.223881 -4.461028 47.960199 
6.261603 14.008439 48.637131 
13.778516 6.356589 65.390919 
25.236181 12.378559 49.437186 
39.824074 3.476852 34.074074 
32.165854 -5.317073 51.839024 
41.993096 -23.263521 53.383199 
41.809935 4.859611 -7.537797 
41.317391 3.521739 7.260870 
37.645472 21.221580 -10.088632 
38.258407 -12.403540 -1.146903 
32.553542 -39.110379 49.528830 
20.052506 -33.276850 69.687351 
43.308333 -10.866667 13.833333 
25.301435 -52.366029 67.980861 
14.647687 -68.434164 34.996441 
31.578586 -60.735758 49.279341 
7.562438 -57.284715 61.776224 
52.945990 -27.273322 40.813421 
57.966280 -29.270811 19.597471 
54.177966 -45.245763 37.042373 
47.792746 -61.564767 34.712953 
41.394872 -75.341026 27.917949 
48.867021 -58.013298 14.295213 
27.182519 11.619537 -39.151671 
40.023669 18.998028 -34.244576 
52.877480 10.849475 -21.834306 
50.023599 -33.917404 -0.672566 
61.292754 -22.837681 -22.507246 
54.532787 -7.741803 -31.508197 
46.886510 3.940043 -39.875803 
40.266033 -11.106888 -35.814727 
43.494898 -26.275510 -24.719388 
31.510309 0.649485 -44.417526 
59.159729 -3.324298 2.669894 
39.788650 -25.643836 14.450098 
61.867647 -23.605392 -2.737745 
56.457067 -8.557464 -14.301189 
59.240375 -43.727367 8.616025 
46.513514 -59.801802 -14.716216 
55.264535 -56.281977 -4.796512 
60.800821 -43.375770 -17.652977 
30.108974 -83.006410 20.467949 
45.124246 -74.226779 2.600724 
18.954233 -81.837529 41.537757 
18.036794 -83.387648 -11.250986 
8.023033 -74.840691 24.786948 
23.661360 -95.884226 6.633864 
7.181818 -75.575758 -2.835498 
8.336207 -88.448276 12.166667 
30.998459 -91.904468 -10.795069 
14.873846 -68.415385 8.283077 
8.041667 34.711806 17.197917 
5.535912 -0.889503 35.519337 
5.355330 -39.106599 26.893401 
12.366013 -57.189542 18.019608 
28.380952 -53.860806 7.003663 
7.312741 -18.888031 30.007722 
8.047619 -22.923810 44.990476 
6.329927 -57.185401 38.087591 
8.377982 -39.779817 48.102752 
31.225225 3.680180 -21.720721 
28.748503 -36.856287 -0.101796 
35.633898 -14.691525 -18.427119 
28.017921 -28.480287 -13.666667 
29.340659 -19.653846 -26.368132 
24.572944 -2.625995 -30.737401 
14.595880 -46.148970 2.795563 
19.217391 -7.658615 -14.843800 
16.186275 -47.284314 -52.558824 
23.489758 -59.184358 -52.197393 
19.755302 -73.494290 -50.127243 
7.735369 -56.631043 -50.809160 
42.057816 -64.008565 -49.177730 
33.812890 -47.330561 -54.058212 
21.290000 -36.390000 22.400000 
12.759494 12.995781 11.337553 
14.106583 -4.319749 20.865204 
12.587196 20.105960 -0.812362 
26.657258 6.375000 0.032258 
14.269231 8.512821 -9.564103 
10.658065 -26.847312 -1.987097 
12.383632 -27.810742 13.416880 
5.688213 -9.832700 4.904943 
4.971223 -37.244604 -53.035971 
9.873874 -18.804805 -30.672673 
6.245989 -22.203209 -42.235294 
6.505800 -24.756381 -17.484919 
-5.232737 29.196931 -9.918159 
-18.231405 19.013774 -21.052342 
-5.726236 18.007605 -21.505703 
-7.816327 39.823129 -21.442177 
-6.758148 48.157804 -5.732419 
-18.228739 56.985337 -14.278592 
-5.811373 48.041609 11.794730 
-11.724332 65.142053 4.177215 
-29.283757 54.219178 2.500978 
-42.738676 47.285714 -6.888502 
-28.901155 50.128370 21.658537 
-10.034188 55.632479 30.350427 
-27.385246 34.149590 36.305328 
-46.097727 28.197727 26.768182 
-11.110482 34.279509 51.541076 
-39.361404 17.148538 46.741520 
-4.835664 17.755245 46.213287 
-46.170103 28.273196 -7.224227 
-28.400802 35.971944 -15.691383 
-32.070103 20.383505 -16.000000 
-43.076723 41.929779 11.009103 
-32.473310 22.167260 5.882562 
-53.015532 18.468339 10.640382 
-46.214286 7.923810 28.523810 
-41.590982 -14.789050 44.731079 
-58.061920 -5.588235 27.201238 
-16.198198 -19.027027 69.477477 
-6.410256 -4.395604 47.575092 
-9.040884 0.464088 66.514917 
-56.918367 -3.496599 6.748299 
-23.212973 10.674595 53.522162 
-45.888399 -0.505140 49.236417 
-27.449210 -8.966140 55.905192 
-35.763128 -23.215642 65.620112 
-39.021526 1.718200 9.604697 
-38.736634 8.051485 -4.716832 
-37.698774 -12.893170 -1.418564 
-50.642093 -23.814507 41.362663 
-23.654028 -31.611374 63.355450 
-41.245455 -15.500000 14.436364 
-7.256659 -33.922518 67.355932 
-25.376538 -54.657916 64.106645 
-9.231608 -70.980926 31.959128 
-28.342213 -62.467213 40.428279 
-9.641509 -66.090566 55.288679 
-35.835724 -39.295958 47.483703 
-42.299270 -31.284672 15.883212 
-59.361404 -25.981287 21.985965 
-42.080253 -65.573390 41.666315 
-51.318471 -56.269639 20.494692 
-53.421763 -43.518666 38.813344 
-37.828080 6.057307 -37.719198 
-34.720000 18.690526 -32.328421 
-49.520661 11.074380 -30.451791 
-49.845127 6.397864 -15.097463 
-22.849231 9.046154 -38.683077 
-57.611940 -6.429104 -22.611940 
-58.942957 -29.972061 3.522701 
-57.840933 -47.535525 5.270414 
-59.894180 -27.457672 -18.134921 
-49.340483 -4.691689 -37.469169 
-37.819398 -13.103679 -29.217391 
-51.840256 -18.236422 -28.805112 
-56.943197 -14.546896 -6.829590 
-60.379699 -49.964286 -14.097744 
-42.524887 -52.230769 -17.384615 
-29.873926 -5.833811 -40.934097 
-41.256071 -75.450331 22.717439 
-31.693086 -87.065767 12.516020 
-17.021703 -50.848080 0.701169 
-43.145329 -70.404844 -13.903114 
-16.533445 -84.953177 33.103679 
-48.176394 -67.206226 0.998703 
-35.965844 -84.072106 -3.946869 
-8.882662 -70.609457 -1.751313 
-10.610056 -98.154190 7.675978 
-14.580513 -83.961026 -12.990769 
-22.184900 -96.742681 -10.030817 
-5.731740 -81.330677 12.164675 
-22.082430 -66.698482 7.453362 
-23.648649 -41.290541 19.858108 
-7.543396 -22.309434 46.188679 
-5.791495 34.172840 26.288066 
-3.431694 -4.928962 32.644809 
-4.979253 13.273859 28.601660 
-8.460658 -58.909871 17.622318 
-4.942466 -36.082192 32.027397 
-7.305842 -18.316151 29.972509 
-6.446154 -54.255385 37.396923 
-8.730263 -42.782895 50.253289 
-7.461883 -42.134529 13.399103 
-26.709056 2.300578 -18.581888 
-21.518644 -36.989831 5.769492 
-32.133758 -40.140127 -3.955414 
-22.780731 -12.654485 -17.308970 
-35.660377 -24.817610 -14.955975 
-20.729306 -30.760626 -11.176734 
-30.560000 -23.925000 -26.690000 
-21.516049 -4.098765 -29.343210 
-8.648148 -55.185185 -52.117284 
-21.258197 -70.028689 -48.975410 
-19.390769 -46.449231 -53.206154 
-34.739669 -50.330579 -54.066116 
-22.844221 -58.075377 -48.763819 
-10.701031 23.618557 9.649485 
-12.358209 11.547264 8.482587 
-10.394333 10.868949 -8.070838 
-14.496644 -3.563758 20.939597 
-24.770791 5.537525 -0.073022 
-9.497674 -25.460465 -1.400000 
-4.684746 -10.240678 5.877966 
-11.407792 -25.563636 14.883117 
-4.821053 -21.511579 -15.890526 
-4.227273 -37.897727 -53.267045 
-6.937500 -33.130682 -39.346591 
-5.697885 -18.966767 -36.815710 
