-4.707019 24.028785 24.080836 
-7.147861 17.829084 35.088672 
-43.351117 11.669374 38.020122 
-26.304348 15.521739 46.231884 
-35.216429 11.267405 53.282066 
-13.906508 -77.072056 29.303461 
-3.867186 -84.116212 18.508156 
-21.060022 -4.995044 -31.002753 
-28.905770 -8.732133 -34.908417 
-35.557342 -33.809753 -20.041801 
-36.528790 -55.923744 -17.805906 
-43.751358 -69.788902 32.951853 
-30.007783 -75.895392 35.037671 
-50.304617 -49.649883 -13.790398 
-49.644497 -23.869521 -31.853500 
-12.246082 -48.900174 5.018572 
-5.896238 -45.050160 24.945660 
-45.598264 -75.838466 2.514838 
-26.329202 -93.834854 0.543011 
-47.544000 -73.368000 13.952000 
-23.652706 38.362866 -19.084767 
-34.558511 30.425532 -22.579787 
-22.455522 5.235821 -15.797015 
-12.280957 -72.858940 -6.296226 
-19.052328 -57.869419 1.513202 
-6.378191 21.746305 -19.584192 
-5.359333 49.916788 -16.730970 
-59.848362 -32.389624 -10.254298 
-46.135830 8.681386 -38.923421 
-54.420732 -11.176829 -27.573171 
-55.779700 -36.571916 -0.598999 
-30.027130 -28.997287 -21.485621 
-20.534518 -33.711038 -16.251344 
-9.799590 -31.404303 54.025205 
-4.824015 -21.837704 62.734290 
-45.240935 13.995971 5.878324 
-52.906780 9.127119 13.762712 
-51.156691 14.750447 18.832969 
-46.327448 35.220706 -15.259631 
-39.816504 26.526602 -6.806732 
-41.862777 26.287182 1.990551 
-58.469274 26.659218 6.379888 
-50.598324 33.522893 5.504268 
-12.725000 -98.175000 -1.508333 
-15.041555 -73.636729 9.537534 
-8.749467 -89.011887 3.578787 
-22.169646 -33.813880 69.921136 
-50.834304 -21.202957 39.496263 
-15.150282 -45.557062 76.477401 
-8.770028 -16.523810 41.071709 
-3.968392 -21.893194 36.042060 
-23.101257 -20.869413 70.530377 
-47.759237 -4.589008 35.587990 
-6.213768 -35.934783 71.996377 
-6.988449 -59.406323 52.348870 
-9.460916 -58.953206 30.391908 
-4.437063 29.348379 -5.062301 
-6.574400 43.377143 4.691200 
-37.560000 52.720000 -12.660000 
-29.135135 58.266409 -3.911197 
-28.727672 48.263543 19.105417 
-26.778613 33.918964 38.527987 
-39.663708 43.028125 18.491351 
-2.516129 -1.404692 64.850440 
-27.876712 -5.041096 60.780822 
-13.883139 35.227825 39.142954 
-23.972933 -54.429407 65.336869 
-25.353065 -65.636434 49.270963 
-32.871496 12.419650 -30.238968 
-54.057554 17.805755 -22.719424 
-53.283072 -14.511300 -4.779772 
-55.338264 -38.079338 34.722109 
-50.350000 -23.350000 21.728571 
-58.074410 -56.016334 26.622505 
-48.279707 -45.047532 44.202925 
-38.404580 -35.519084 39.763359 
-44.570611 -25.110687 11.382952 
-46.050916 -18.506110 5.838086 
-37.638013 -9.662750 0.774273 
-36.042568 8.761155 -0.489324 
-13.422863 -20.794036 9.605765 
-13.727407 -16.787477 3.975463 
-13.486649 8.296728 13.088755 
-16.867733 -2.500000 16.869186 
-18.915332 -3.331808 22.814645 
-11.516393 12.778689 1.950820 
-12.436571 17.005714 -3.136000 
-17.574519 17.872596 5.408654 
-29.943089 -11.666667 -8.853659 
-25.929902 -0.281373 5.941912 
-25.931859 2.814900 -5.060005 
-22.475475 -9.663766 1.416139 
-18.485837 -0.949356 -1.862661 
-30.145042 -25.517405 -10.393987 
-24.933260 -21.586784 -16.123568 
-21.986770 -4.713619 -20.548638 
-27.770246 -6.790493 -18.279049 
-10.600000 10.800000 -11.462500 
-10.080169 6.037975 -9.105485 
-12.710280 11.644860 -7.028037 
-10.084095 13.899452 -7.230347 
5.575342 8.801370 -4.726027 
7.200000 11.014286 -9.000000 
11.285714 10.267281 -10.594470 
11.327536 11.452174 -7.397101 
9.038760 16.918605 -6.488372 
25.537118 -3.521834 -27.224891 
19.115619 -5.805274 -19.304260 
21.757143 -1.692857 -19.345238 
27.431290 -7.564482 -17.665962 
24.868132 -2.819780 -16.591209 
29.058968 -4.289926 -16.557740 
29.198639 -25.172030 -8.298886 
26.142451 -20.983743 -15.765698 
23.666667 -10.370482 1.341365 
18.460016 -0.188440 -0.543943 
23.140185 6.792806 -0.010483 
31.166667 -12.765152 -8.772727 
29.705864 -3.589547 0.607075 
15.391681 3.213172 13.953206 
17.914322 19.407928 5.203325 
12.109574 18.298936 -3.167021 
18.906303 -7.514480 22.286201 
10.192872 7.253669 10.817610 
14.328657 10.428972 12.763592 
13.090502 -15.566975 4.043447 
13.440211 -19.346229 9.724111 
38.281088 -4.910951 -3.652800 
35.791187 6.604162 1.840759 
46.627688 -14.938172 4.900538 
44.016253 -21.147134 10.834046 
44.703856 -25.223512 19.706477 
57.294118 -45.376471 25.211765 
55.838095 -17.600000 30.752381 
55.781488 -33.361663 37.931096 
30.007691 14.736495 -33.229445 
54.486053 -10.996833 -4.160949 
21.435725 -56.274728 65.804985 
27.163169 -64.970703 47.138236 
5.938462 47.292949 -4.537821 
22.642857 26.479592 43.357143 
21.624277 17.052023 46.919075 
25.170588 -8.658824 53.982353 
23.520548 10.287671 50.054795 
4.790254 -2.940678 62.957627 
13.535625 35.740395 37.674387 
38.825884 47.478991 15.391834 
38.311660 32.180596 29.644506 
6.818229 42.186458 8.867188 
4.219902 32.884521 -2.633600 
26.424419 -60.529070 8.534884 
10.251765 -48.070588 69.287059 
9.514914 -58.305680 38.528229 
46.303937 -2.135900 35.398925 
59.332778 6.067022 28.268756 
48.437500 -2.955357 49.232143 
25.382755 -21.002227 67.825167 
8.220105 -15.118752 41.765811 
4.216196 -20.984467 36.462185 
21.205258 -34.616697 71.401753 
50.996915 -17.421433 37.350052 
11.586919 -42.523236 78.299484 
10.668310 -90.365549 3.781065 
14.041160 -73.374805 10.881509 
43.239726 27.153349 2.036149 
50.514242 35.772135 4.304736 
38.994624 27.224910 -7.136201 
44.648449 37.459380 -15.289513 
43.910564 17.050624 5.802227 
51.181312 16.746418 16.621458 
12.134781 -30.998512 51.199643 
4.511976 -23.016476 62.190999 
27.292197 -33.469840 -16.070282 
21.857081 -28.165734 -20.076195 
58.071816 -26.633281 -11.907102 
52.085059 -36.303994 1.775148 
47.150943 -58.109434 6.445283 
3.725301 50.558808 -18.146367 
5.171561 23.789421 -19.085278 
13.207950 -68.635699 -4.125599 
26.697080 -48.718978 -6.602190 
18.762606 9.888443 -15.987952 
22.699614 40.236975 -19.245538 
42.418750 -72.681250 -18.081250 
43.493088 -65.577573 1.987711 
14.027027 -91.315315 23.243243 
31.651447 -87.786762 1.186260 
5.316250 -43.249901 28.774335 
10.857555 -45.765747 8.464800 
28.532468 -0.103896 -41.831169 
44.918182 0.500000 -37.554545 
56.706422 -40.651376 -14.146789 
45.847458 -62.838983 -3.737288 
49.060575 -28.525690 -27.816080 
47.751558 -63.677288 31.113271 
44.707729 -66.963768 14.289855 
42.130769 -79.723077 17.261538 
32.963504 -78.313869 18.496350 
38.945470 -61.097094 41.505983 
30.669984 -43.229114 -18.650312 
35.965237 -46.505834 -20.749819 
20.012670 -7.075113 -32.528507 
21.419355 3.412903 -30.894624 
21.721154 -13.091346 -30.182692 
25.085028 0.000000 -38.462107 
28.728205 -5.764103 -35.264103 
29.487751 -12.875278 -33.095768 
7.287972 -87.984811 24.547619 
11.337406 -71.974773 24.162594 
38.440096 16.598199 44.364946 
34.663544 7.260519 53.992932 
5.666201 19.867318 30.961592 
4.928854 22.064370 23.242236 
