-4.707529 24.023256 24.081198
-7.151408 17.850144 35.080027
-43.344981 11.656314 38.028286
-35.115060 11.332981 53.185843
-13.894452 -77.098839 29.302194
-3.889915 -84.265330 18.547829
-21.060022 -4.995044 -31.002753
-28.918119 -8.745906 -34.917063
-35.557105 -33.819303 -20.032172
-36.536651 -55.930434 -17.803989
-43.749717 -69.795140 32.948405
-30.013997 -75.873717 35.045412
-50.302731 -49.660580 -13.793265
-49.647338 -23.875564 -31.850519
-12.249419 -48.906395 5.020349
-5.895644 -45.058331 24.944130
-45.667931 -75.756771 2.908180
-26.392542 -93.820189 0.501730
-23.781964 38.274764 -19.123448
-22.455522 5.235821 -15.797015
-12.275572 -72.851906 -6.283485
-18.947036 -57.793489 1.434888
-6.384339 21.789320 -19.619251
-5.372020 49.932873 -16.736512
-59.782329 -32.117358 -10.499957
-45.744656 8.937648 -38.726247
-55.779700 -36.571916 -0.598999
-30.024973 -29.001086 -21.478284
-20.534518 -33.711038 -16.251344
-9.794051 -31.393846 54.011282
-4.825420 -21.844708 62.740686
-45.248252 14.005917 5.876547
-51.205048 14.564469 18.660732
-46.343750 35.193994 -15.260146
-39.816504 26.526602 -6.806732
-41.862777 26.287182 1.990551
-50.851394 33.328711 5.529164
-14.977058 -73.677913 9.548358
-8.864565 -89.415061 3.422650
-22.172329 -33.826270 69.911033
-50.832939 -21.204045 39.500247
-15.168927 -45.552542 76.454802
-8.779024 -16.543746 41.066181
-3.969929 -21.899337 36.036697
-22.324396 -21.566195 70.596336
-47.762595 -4.586005 35.585547
-6.985610 -59.411532 52.341508
-9.526877 -58.969697 30.299832
-4.437063 29.348379 -5.062301
-6.573812 43.375686 4.695612
-28.727672 48.263543 19.105417
-26.779264 33.927258 38.530936
-39.543229 43.204026 18.052216
-2.516129 -1.404692 64.850440
-13.902643 35.158100 39.176379
-23.965807 -54.431523 65.353264
-25.354495 -65.633405 49.269128
-32.871496 12.419650 -30.238968
-53.283684 -14.332415 -4.890669
-55.200943 -37.978716 34.675562
-58.074410 -56.016334 26.622505
-48.279707 -45.047532 44.202925
-44.570611 -25.110687 11.382952
-46.050916 -18.506110 5.838086
-37.638293 -9.661583 0.770610
-36.043371 8.758791 -0.481735
-13.438460 -20.874726 9.618991
-13.734362 -16.807114 3.976107
-13.443561 8.230682 13.072727
-16.901306 -2.400581 16.907112
-18.915332 -3.331808 22.814645
-12.166963 15.730906 -1.872114
-17.505190 17.776240 5.523645
-25.929902 -0.281373 5.941912
-26.053268 2.378792 -5.174106
-22.475475 -9.663766 1.416139
-18.485837 -0.949356 -1.862661
-30.145042 -25.517405 -10.393987
-24.926040 -21.591900 -16.114462
-21.991433 -4.710280 -20.553738
-27.769569 -6.793316 -18.270888
-10.338710 11.454637 -7.950605
9.689922 12.300388 -7.619186
25.537118 -3.521834 -27.224891
19.113131 -5.818182 -19.270707
21.757143 -1.692857 -19.345238
27.447034 -7.557203 -17.682203
24.885463 -2.810573 -16.601322
29.058968 -4.289926 -16.557740
29.198639 -25.172030 -8.298886
26.142451 -20.983743 -15.765698
23.666667 -10.370482 1.341365
18.460016 -0.188440 -0.543943
23.140185 6.792806 -0.010483
29.764832 -3.959939 0.228440
15.333907 3.201377 13.882960
17.914322 19.407928 5.203325
12.061376 18.107937 -3.128042
18.890547 -7.887231 22.225539
10.192872 7.253669 10.817610
14.313156 10.412876 12.743877
13.096257 -15.592571 4.042058
13.424931 -19.339279 9.691886
38.281088 -4.910951 -3.652800
35.787768 6.608563 1.843547
46.627688 -14.938172 4.900538
44.033305 -21.139197 10.832622
44.703856 -25.223512 19.706477
55.791772 -33.341217 37.808987
30.017241 14.746698 -33.211299
54.483999 -10.975980 -4.176927
21.411837 -56.283376 65.803273
27.124821 -65.001852 47.139460
5.935298 47.293402 -4.532992
4.790254 -2.940678 62.957627
13.613205 35.492615 37.771477
38.826100 47.473246 15.393777
38.292850 32.145478 29.708898
6.814525 42.177638 8.860502
4.219287 32.891892 -2.638206
10.288942 -48.007134 69.240190
9.618029 -58.328047 38.252347
46.309294 -2.152098 35.512808
59.332778 6.067022 28.268756
25.377424 -20.996502 67.831320
8.218192 -15.196708 41.734375
4.214049 -20.976075 36.463731
21.196684 -34.634270 71.397973
50.994757 -17.426695 37.356072
11.505068 -42.586149 78.246622
10.659009 -90.372169 3.780112
14.026858 -73.379138 10.892255
43.231150 27.156893 2.046458
50.516792 35.776731 4.290781
39.005367 27.214669 -7.127907
44.631174 37.441585 -15.292221
43.916920 17.051334 5.797028
51.196346 16.738205 16.599523
12.134781 -30.998512 51.199643
4.505573 -22.991907 62.163689
27.292197 -33.469840 -16.070282
21.857081 -28.165734 -20.076195
57.974552 -26.914786 -11.745590
52.085059 -36.303994 1.775148
3.718497 50.538221 -18.148709
5.170020 23.779074 -19.080282
13.449154 -68.278287 -4.159030
18.762606 9.888443 -15.987952
22.695541 40.236794 -19.247058
43.585443 -65.716772 2.060127
31.630139 -87.726807 1.190738
5.314138 -43.250596 28.771247
10.857555 -45.765747 8.464800
48.958330 -28.539355 -27.701199
47.635316 -63.841689 30.976862
44.707729 -66.963768 14.289855
38.928705 -61.112570 41.502473
30.669217 -43.260547 -18.630274
35.972910 -46.584566 -20.744936
20.274600 -8.022883 -32.154844
21.419355 3.412903 -30.894624
25.088889 -0.005556 -38.453704
28.664062 -5.817708 -35.231771
29.480000 -12.873333 -33.095556
7.280947 -87.982492 24.508136
11.384463 -72.003171 24.166865
38.453089 16.567867 44.368301
34.668255 7.260762 53.992442
5.661873 19.881796 30.928095
4.928854 22.064370 23.242236
